4.1
18
93639

4.2
62790
23, 13, 7, 5, 3, 2

4.3
a) 27
89460 ,22365 ,497
84180 ,42090 ,8418
84180 ,42090 ,2806
84180 ,42090 ,1403
84180 ,8418 ,2806
84180 ,8418 ,1403
84180 ,2806 ,1403
81564 ,27188 ,13594
81564 ,27188 ,6797
81564 ,27188 ,971
81564 ,13594 ,6797
81564 ,13594 ,971
81564 ,6797 ,971
64557 ,7173 ,797
62712 ,15678 ,871
61152 ,20384 ,392
58896 ,9816 ,409
42975 ,8595 ,955
42090 ,8418 ,2806
42090 ,8418 ,1403
42090 ,2806 ,1403
27376 ,13688 ,232
27188 ,13594 ,6797
27188 ,13594 ,971
27188 ,6797 ,971
13594 ,6797 ,971
8418 ,2806 ,1403

b) 2
84180 ,42090 ,8418 ,2806 ,1403
81564 ,27188 ,13594 ,6797 ,971